224
8819
39622
40600
28956
69914
42013
40780
65335
26711
22544
17614
62849
88371
79243
63971
79158
31002
91667
83018
29294
92080
87475
96709
31615
35856
94451
92674
64255
27933
26026
60870
94599
20359
59850
20053
26867
96413
59706
90176
13638
35593
38146
14443
83562
43980
96479
74361
62133
57654
3222
95095
91623
10850
86245
53187
64848
11212
23125
39927
70734
42288
21740
31477
47124
67776
95487
57552
54183
97474
32644
35348
34338
42724
5317
27412
88217
21213
79601
3438
84602
87137
22060
20029
79887
28128
79271
93979
86080
62651
45290
47217
93622
11620
80846
41724
77114
11698
79271
49789
57340
86142
49694
83518
86096
42077
6045
85372
31090
64121
84356
12789
61834
24302
39193
2320
7531
89023
13371
35363
77909
77746
84055
74404
72858
75855
19283
28784
29758
67728
87464
6578
6871
63269
95278
29809
44468
45319
10703
23608
9018
30678
62269
13603
21834
58674
75903
66051
26782
40690
75270
64110
2354
33381
52319
8454
50591
35907
42657
23300
44930
98094
82469
99969
68380
38538
33398
40033
72050
34327
42494
45916
2069
53031
61728
14602
19580
13024
16932
45099
58733
61679
34956
67696
55322
91943
41862
28265
79560
49269
42618
28044
48011
12673
88387
27678
76238
49187
82266
3714
43663
96575
8398
31099
17798
25567
6064
3040
72581
52108
96555
91643
46107
30953
37969
22013
12435
67660
64304
79170
38682
38777
43043
29468
67518
