252
48350
74204
7660
10958
41988
2964
40222
42813
26370
36919
64004
51280
71460
94238
8785
88055
60375
6356
16066
87149
7941
29865
84043
14290
55820
1184
43163
28817
2490
89411
26542
91808
66024
36214
20911
23430
21391
92969
96840
61495
37259
13639
73896
83098
36682
23755
2735
67403
54353
26802
34457
25181
65036
94379
8740
69175
52816
39115
44320
62335
92431
25278
63763
59029
56822
59255
9766
78678
94214
44841
60399
609
68334
65390
43547
66741
13441
2468
58776
34969
22137
20664
89692
68982
30600
19418
88854
96351
62967
60176
1679
36529
99133
6759
58620
69845
77757
35011
72451
11906
60541
38648
70568
49151
18430
84177
25235
32582
46301
89454
12959
59492
19909
15147
45121
78749
94318
85274
79571
89485
9046
31443
5052
69225
33722
43970
47934
87460
39858
44350
92252
95470
28007
33818
16582
12246
73841
57397
59746
19984
64881
62444
39417
9105
10375
65102
81563
18551
55089
39248
76144
82502
6497
45975
68188
83117
29722
24915
71565
46791
58055
45580
46788
85918
93080
71124
80286
67529
84345
19963
95902
55190
95281
22786
39321
53059
25620
96135
58654
61190
14149
34143
91360
16365
93900
96578
94337
19264
20368
25631
60860
11682
22513
7856
13167
46038
6948
15849
39780
63325
56204
23530
64986
74270
51633
24212
55157
40703
91488
32952
71902
26416
9247
62507
17368
53159
96587
72150
67649
19397
52496
60329
21441
43800
51460
51695
5170
96314
87968
33021
84939
16790
34748
60837
80843
12810
80422
85479
52127
13992
84255
85606
32816
52151
78866
39128
50156
93751
38194
14679
8431
25762
