112
87700
547
81021
47246
8335
62227
95953
59192
65119
42460
34369
26349
19203
89713
41353
92584
7089
81037
33882
92469
16027
77716
66002
50697
53662
46968
52381
88402
12519
93463
45863
24712
72385
84833
61884
64931
32607
61335
48703
93414
14402
46287
53667
55257
14888
85140
45737
79765
59762
31818
8791
22105
44177
55600
31249
92921
38316
15006
12567
13622
33872
77198
50747
57480
37140
40375
87933
55383
67495
45204
71237
22090
7193
13155
1372
19030
26467
74473
6695
49752
67763
31698
77120
4414
29944
72439
27795
87648
4903
31512
36531
79180
61736
15529
279
95
31072
12554
19380
55791
80955
10925
39319
32549
48501
11772
94207
86888
36774
30579
85685
67380
