196
57530
47582
42643
41460
728
72467
40414
43752
68197
70215
96146
21255
99962
34584
16980
19880
58108
15546
10349
94856
17647
80611
24329
16839
24969
56626
71482
91007
27137
66013
22717
14273
88261
3734
57364
31374
31115
16698
96242
81422
37120
65654
11862
42353
37148
88918
86511
2880
17878
44811
61118
50943
41427
41079
24120
76225
78074
32696
5674
73032
47267
26480
66935
87095
25038
26797
50333
48694
10609
72185
69558
64834
59657
45184
1402
44174
69584
96121
28482
65626
95535
34772
39431
38638
64043
19326
96617
96115
8444
99924
13612
82606
22747
49537
53724
99002
15705
13941
76593
83137
42412
94789
51309
57366
8644
88057
61635
88690
54076
78903
4818
89194
55117
86025
95886
23529
72924
69516
70496
89743
25267
82264
46691
16678
65804
77991
12207
11708
16010
56388
90740
8994
19874
34610
68092
11424
19927
55382
40307
9490
22692
85154
43074
48707
95409
14622
40982
8005
76296
58421
53888
81898
91618
28665
78741
29443
34459
4116
36502
91666
89316
24173
1610
96013
60183
74099
70918
94674
70820
57161
16495
2977
54122
69486
32439
69339
28610
98376
43683
9045
11957
16620
99469
88057
97710
4812
53413
82873
29386
96637
70418
9488
1548
65732
82871
96791
