280
72941
434
10208
65589
28171
12334
10234
98629
76924
25438
21972
73333
5709
91957
76880
90985
91417
57734
15458
77235
36657
6819
93026
87075
94756
42503
9421
26522
97361
75791
15321
92284
36486
65794
84211
26980
47155
1010
83863
86353
56880
63227
32843
43582
49672
39752
54073
88016
57537
47541
53031
42600
97833
7822
37876
3160
78015
52279
2833
43603
23386
44773
14809
56348
25402
40265
30094
68896
83561
47661
57298
9280
4238
89751
30912
49895
95310
82826
74757
2202
13439
35500
4989
82893
49898
85283
97454
70066
23612
45080
63547
45324
16266
29565
4102
19042
11038
94954
43558
68878
12322
47011
95136
757
69096
59062
71109
77042
51475
12705
72712
75051
45222
87824
14138
51717
85479
68452
92740
99508
10736
78255
68224
95466
76114
14459
17045
77200
88389
96522
28493
67218
19633
15768
64660
88213
30194
73309
71375
34180
38860
99120
90679
94216
42667
23237
5713
9814
36308
36022
41003
51842
87502
92767
68628
36049
93543
46051
41849
97324
80484
67949
33272
94512
40521
5105
22243
14594
98561
11216
78098
33793
35307
2778
76325
45364
57313
57806
6165
98850
55974
5181
27350
18112
36747
81517
95500
13892
85086
47545
50598
94841
23663
1942
31195
94444
65952
38224
92607
49186
75561
73586
2050
19564
64166
30437
77286
70643
55741
42512
29852
14062
41231
51261
52633
42259
36315
18557
3834
41481
11753
13569
4401
88987
88154
56233
72458
65385
19145
9178
48191
58553
7166
31688
84883
30283
32911
84788
31823
39081
82835
15246
4376
17565
95333
90363
36009
61789
33649
41969
3282
17602
82302
5312
6829
60663
22936
1515
45688
62636
1433
72180
46772
99561
58035
45493
87065
27136
65756
76778
58548
60059
3895
63789
96542
99573
64507
74329
48570
70373
