140
89279
1027
45713
7984
99905
35562
7847
90513
21501
27265
94812
50327
2915
23119
45602
91012
93423
90854
55494
1056
81412
96506
72402
97077
84905
65933
72124
18228
2493
74469
97966
25269
10168
84927
33426
42683
80671
9084
19866
82294
84675
80825
99850
61890
17335
50621
96067
40877
18796
63180
7404
22998
2284
63289
7966
32145
70223
60312
37325
76135
93084
9360
27086
31514
10944
75951
7818
16550
32516
44792
95166
1122
44078
50744
59595
82342
31479
3575
84864
48167
93188
74537
20642
77054
1187
3972
84406
17318
83748
37068
40075
15844
59761
28969
55623
22081
86636
23162
71660
659
21764
77955
15814
32666
96179
40002
14291
87974
50678
65056
1488
6197
11978
49282
37277
71386
68543
74943
5356
50041
93852
59916
40843
26607
16656
84947
73930
65775
92368
66979
19371
48167
91793
56928
75335
40545
4036
18107
76183
37253
