168
11369
89129
83661
27251
42692
13805
72454
39246
61192
49060
57798
56444
34857
60338
28512
40110
1047
38622
9741
12200
34839
13998
46717
34403
4176
80739
92297
56927
89922
66067
41316
54052
55281
49823
20944
66259
7072
68241
84652
40782
48055
79796
34859
48416
19623
97936
91968
38858
24804
70688
33685
39499
11025
83954
42907
26284
38842
41530
12828
99429
31322
691
87020
55087
9085
84
39614
6311
74016
47946
73491
12476
15093
97847
30381
13941
18498
95047
74465
39234
30953
66571
43
89117
76258
94453
78876
42300
95204
51758
47758
76151
94402
46071
11352
61456
39378
98970
24348
78148
970
66476
26494
60300
20260
10721
27504
49200
27488
49228
59432
40009
14823
77330
45395
26545
20269
35146
15682
20746
94993
6771
18243
39111
98943
50290
27915
99387
69620
12550
94190
99900
68865
44777
45937
43923
52904
10694
77175
27491
16995
40914
14936
93620
37605
74409
16080
1307
81336
73797
64755
43208
13573
51773
45534
38667
80979
504
65257
56259
54598
23468
23448
40037
81192
75768
2097
84997
